images/045.jpg
 00000000000000000000
 00000000000000000000
 00000000000000000000
 00000000000000000000
 00000000000000000000
 00000000000000000000
 00000000000000000000
 00000000000000000110
 00001111111111111100
 00111111111111110000
 00001111111111100000
 00000001111111100000
 00000000001100000000
 00000000000000000000
 00000000000000000000
images/003.jpg
 00000000000000000000
 00000000000000000000
 00000000000000000000
 00000000000000000000
 00000000000000000000
 00000000000000000000
 00000000000000000000
 00000000000000111110
 00000011000011111100
 10111110001111110000
 00001111111111100000
 00000011111111100000
 00000000011100000000
 00000000000000000000
 00000000000000000000
images/022.jpg
 00000000000000000000
 00000000000000000000
 00000000000000000000
 00000000000000000000
 00000000000000000000
 00000000000000000000
 00000000000000000000
 00000000000000000010
 00011111111111111100
 00111111111111110000
 00001111111111100000
 00000011111111100000
 00000000011100000000
 00000000000000000000
 00000000000000000000
images/138.jpg
 00000000000000000000
 00000000000000000000
 00000000000000000000
 00000000000000000000
 00000000000000000000
 00000000000000000000
 00000000000000000000
 00000110000000000000
 00111111111111111100
 00001111111111111100
 00000111111111111000
 00000111111100000000
 00000000110000000000
 00000000000000000000
 00000000000000000000
images/148.jpg
 00000000000000000000
 00000000000000000000
 00000000000000000000
 00000000000000000000
 00000000000000000000
 00000000000000000000
 00000000000000000000
 00000000000000000000
 01111111111111111111
 00111111111111111110
 00011111111111110000
 00000011111111100000
 00000011111111000000
 00000000000000000000
 00000000000000000000
images/071.jpg
 00000000000000000000
 00000000000000000000
 00000000000000000000
 00000000000000000000
 00000000000000000000
 00000000000000000000
 00000000000000000000
 00000000000000011110
 00000011111111111100
 00111111111111110000
 00001111111111100000
 00000001111111100000
 00000000011100000000
 00000000000000000000
 00000000000000000000
images/093.jpg
 00000000000000000000
 00000000000000000000
 00000000000000000000
 00000000000000000000
 00000000000000000000
 00000000000000000000
 00000000000000000000
 00000000000000001110
 00111111111111111100
 00111111111111110000
 00001111111111100000
 00000001111110000000
 00000000011100000000
 00000000000000000000
 00000000000000000000
images/143.jpg
 00000000000000000000
 00000000000000000000
 00000000000000000000
 00000000000000000000
 00000000000000000000
 00000000000000000000
 00000000000000000000
 00110000000000000000
 00111111111111111110
 00001111111111111100
 00000111111111110000
 00000111111100000000
 00000000110000000000
 00000000000000000000
 00000000000000000000
images/122.jpg
 00000000000000000000
 00000000000000000000
 00000000000000000000
 00000000000000000000
 00000000000000000000
 00000000000000000000
 00000000000000000000
 00111000000000000000
 00111111111111011110
 00000111111111111100
 00000111111111111000
 00000111111100100000
 00000000110000000000
 00000000000000000000
 00000000000000000000
images/111.jpg
 00000000000000000000
 00000000000000000000
 00000000000000000000
 00000000000000000000
 00000000000000000000
 00000000000000000000
 00000000000000000000
 00000000000000000000
 01111101000000000010
 01111101001111111111
 01000001111100111110
 00000001111100000000
 00000001111110000000
 00000000000000000000
 00000000000000000000
images/098.jpg
 00000000000000000000
 00000000000000000000
 00000000000000000000
 00000000000000000000
 00000000000000000000
 00000000000000000000
 00000000000000000000
 00000000000000000000
 01111000000011111111
 01111111111111111110
 01111001111100101000
 00000001111110000000
 00000001111100000000
 00000000000000000000
 00000000000000000000
images/074.jpg
 00000000000000000000
 00000000000000000000
 00000000000000000000
 00000000000000000000
 00000000000000000000
 00000000000000000000
 00000000000000000000
 00000000000000001110
 00000001111111111100
 00111111111111110000
 00001111111111100000
 00000011111111100000
 00000000011100000000
 00000000000000000000
 00000000000000000000
images/081.jpg
 00000000000000000000
 00000000000000000000
 00000000000000000000
 00000000000000000000
 00000000000000000000
 00000000000000000000
 00000000000000000000
 00000000000000001110
 00001111100000111100
 00111111111111110000
 00001111111111100000
 00000001111111100000
 00000000011100000000
 00000000000000000000
 00000000000000000000
images/099.jpg
 00000000000000000000
 00000000000000000000
 00000000000000000000
 00000000000000000000
 00000000000000000000
 00000000000000000000
 00000000000000000000
 00000000000000000001
 00111001001111111111
 01111111111111111110
 01111100111110001000
 00000001111110000000
 00000001111110000000
 00000000000000000000
 00000000000000000000
images/065.jpg
 00000000000000000000
 00000000000000000000
 00000000000000000000
 00000000000000000000
 00000000000000000000
 00000000000000000000
 00000000000000000000
 00000000000000011110
 00000111111111111100
 00111111111111110000
 00001111111111100000
 00000011111111100000
 00000000011100000000
 00000000000000000000
 00000000000000000000
images/025.jpg
 00000000000000000000
 00000000000000000000
 00000000000000000000
 00000000000000000000
 00000000000000000000
 00000000000000000000
 00000000000000000000
 00000000000000000010
 01111111111111111100
 00111111111111110000
 00001111111111100000
 00000001111111100000
 00000000001100000000
 00000000000000000000
 00000000000000000000
images/001.jpg
 00000000000000000000
 00000000000000000000
 00000000000000000000
 00000000000000000000
 00000000000000000000
 00000000000000000000
 00000000000000000000
 00000000000011011100
 10001111111111111100
 00011111111111110000
 00000111111111110000
 00000001111111100000
 00000000001100000000
 00000000000000000000
 00000000000000000000
images/132.jpg
 00000000000000000000
 00000000000000000000
 00000000000000000000
 00000000000000000000
 00000000000000000000
 00000000000000000000
 00000000000000000000
 00101000000000000000
 00001111111100100000
 00000111111111111100
 00000111111111110000
 00000111111100100000
 00000000110000000000
 00000000000000000000
 00000000000000000000
images/067.jpg
 00000000000000000000
 00000000000000000000
 00000000000000000000
 00000000000000000000
 00000000000000000000
 00000000000000000000
 00000000000000000000
 00000000000000001110
 00000101111111111100
 00111111111111110000
 00001111111111100000
 00000001111111100000
 00000000001100000000
 00000000000000000000
 00000000000000000000
images/085.jpg
 00000000000000000000
 00000000000000000000
 00000000000000000000
 00000000000000000000
 00000000000000000000
 00000000000000000000
 00000000000000000000
 00000000000000100000
 00011101111111110000
 00001111111111110000
 00000111111111100000
 00000011111111000000
 00000000011100000000
 00000000000000000000
 00000000000000000000
images/160.jpg
 00000000000000000000
 00000000000000000000
 00000000000000000000
 00000000000000000000
 00000000000000000000
 00000000000000000000
 00000000000000000000
 00000000000000000000
 01111101111111111111
 00111100111111111110
 00011111111111111100
 00000011111111100000
 00000001111111000000
 00000000000000000000
 00000000000000000000
images/012.jpg
 00000000000000000000
 00000000000000000000
 00000000000000000000
 00000000000000000000
 00000000000000000000
 00000000000000000000
 00000000000000000000
 00000000000001111010
 00000101111111111100
 00111111111111110000
 00001111111111100000
 00000001111111100000
 00000000001100000000
 00000000000000000000
 00000000000000000000
images/107.jpg
 00000000000000000000
 00000000000000000000
 00000000000000000000
 00000000000000000000
 00000000000000000000
 00000000000000000000
 00000000000000000000
 00000000000000000000
 01110110001011111110
 01110001111111111110
 01110001111100101010
 00000001111110000000
 00000001111110000000
 00000000000000000000
 00000000000000000000
images/082.jpg
 00000000000000000000
 00000000000000000000
 00000000000000000000
 00000000000000000000
 00000000000000000000
 00000000000000000000
 00000000000000000000
 00000000000000001110
 00000111110100111100
 00111111111111110000
 00001111111111100000
 00000011111111100000
 00000000011100000000
 00000000000000000000
 00000000000000000000
images/161.jpg
 00000000000000000000
 00000000000000000000
 00000000000000000000
 00000000000000000000
 00000000000000000000
 00000000000000000000
 00000000000000000000
 00000000000000000000
 01111110111111111111
 00111111111111111110
 00011111111111111100
 00000011111111100000
 00000011111111000000
 00000000000000000000
 00000000000000000000
images/029.jpg
 00000000000000000000
 00000000000000000000
 00000000000000000000
 00000000000000000000
 00000000000000000000
 00000000000000000000
 00000000000000000000
 00000000000000001010
 00011111111111111100
 00111111111111110000
 00001111111111100000
 00000001111111100000
 00000000001100000000
 00000000000000000000
 00000000000000000000
images/027.jpg
 00000000000000000000
 00000000000000000000
 00000000000000000000
 00000000000000000000
 00000000000000000000
 00000000000000000000
 00000000000000000000
 00000000000000011110
 00001111111111111100
 00111111111111110000
 00001111111111110000
 00000001111111100000
 00000000001100000000
 00000000000000000000
 00000000000000000000
images/149.jpg
 00000000000000000000
 00000000000000000000
 00000000000000000000
 00000000000000000000
 00000000000000000000
 00000000000000000000
 00000000000000000000
 00000000000000000000
 01011111111111111111
 00111111111111111110
 00011111111111111100
 00000011111111100000
 00000011111111000000
 00000000000000000000
 00000000000000000000
images/110.jpg
 00000000000000000000
 00000000000000000000
 00000000000000000000
 00000000000000000000
 00000000000000000000
 00000000000000000000
 00000000000000000000
 00000000000000000000
 01111101100000000110
 01111101100111111111
 00000001111100111110
 00000001111100000010
 00000001111110000000
 00000000000000000000
 00000000000000000000
images/035.jpg
 00000000000000000000
 00000000000000000000
 00000000000000000000
 00000000000000000000
 00000000000000000000
 00000000000000000000
 00000000000000000000
 00000000000000010110
 00001111111111111100
 00111111111111110000
 00001111111111100000
 00000001111111100000
 00000000001100000000
 00000000000000000000
 00000000000000000000
images/118.jpg
 00000000000000000000
 00000000000000000000
 00000000000000000000
 00000000000000000000
 00000000000000000000
 00000000000000000000
 00000000000000000000
 00111110000000000000
 00111111111111110000
 00001111111111111100
 00000111111111110000
 00000111111100000000
 00000000110000000000
 00000000000000000000
 00000000000000000000
images/031.jpg
 00000000000000000000
 00000000000000000000
 00000000000000000000
 00000000000000000000
 00000000000000000000
 00000000000000000000
 00000000000000000000
 00000000000000001110
 00111111111111111100
 00111111111111110000
 00001111111111110000
 00000001111111100000
 00000000001100000000
 00000000000000000000
 00000000000000000000
images/100.jpg
 00000000000000000000
 00000000000000000000
 00000000000000000000
 00000000000000000000
 00000000000000000000
 00000000000000000000
 00000000000000000000
 00000000000000000000
 01100110110001111000
 01111111110011111110
 01111100111100001000
 00000001111110000000
 00000001111110000000
 00000000000000000000
 00000000000000000000
images/016.jpg
 00000000000000000000
 00000000000000000000
 00000000000000000000
 00000000000000000000
 00000000000000000000
 00000000000000000000
 00000000000000000000
 00000000000000000000
 00011111111111111100
 00011111111111110000
 00001111111111110000
 00000001111111100000
 00000000011100000000
 00000000000000000000
 00000000000000000000
images/113.jpg
 00000000000000000000
 00000000000000000000
 00000000000000000000
 00000000000000000000
 00000000000000000000
 00000000000000000000
 00000000000000000000
 00000000000000000000
 01111011101101111100
 01111111111111111100
 01111101111100101000
 00000001111110000000
 00000001111110000000
 00000000000000000000
 00000000000000000000
images/120.jpg
 00000000000000000000
 00000000000000000000
 00000000000000000000
 00000000000000000000
 00000000000000000000
 00000000000000000000
 00000000000000000000
 00111100000000000000
 00011111111111111000
 00001111111111111100
 00000111111111110010
 00000111111100000000
 00000000110000000000
 00000000000000000000
 00000000000000000000
images/166.jpg
 00000000000000000000
 00000000000000000000
 00000000000000000000
 00000000000000000000
 00000000000000000000
 00000000000000000000
 00000000000000000000
 00000000000000000000
 01111111111111111101
 00111111111111111100
 00011111111111111100
 00000011111111100000
 00000011111111000000
 00000000000000000000
 00000000000000000000
images/165.jpg
 00000000000000000000
 00000000000000000000
 00000000000000000000
 00000000000000000000
 00000000000000000000
 00000000000000000000
 00000000000000000000
 00000000000000000000
 01111111111111011101
 00111111111111111100
 00011111111111111100
 00000011111111100000
 00000011111111000000
 00000000000000000000
 00000000000000000000
images/157.jpg
 00000000000000000000
 00000000000000000000
 00000000000000000000
 00000000000000000000
 00000000000000000000
 00000000000000000000
 00000000000000000000
 00000111100000000000
 00111111111110111111
 00111111111111111100
 00011111111111111100
 00000011111111100000
 00000011111111000000
 00000000000000000000
 00000000000000000000
images/114.jpg
 00000000000000000000
 00000000000000000000
 00000000000000000000
 00000000000000000000
 00000000000000000000
 00000000000000000000
 00000000000000000000
 00110000000000000000
 00111111111111111110
 00000111111111111100
 00000111111111110000
 00000111111100000000
 00000000110000000000
 00000000000000000000
 00000000000000000000
images/130.jpg
 00000000000000000000
 00000000000000000000
 00000000000000000000
 00000000000000000000
 00000000000000000000
 00000000000000000000
 00000000000000000000
 00111110000000000000
 00111111111011100000
 00000111111011111100
 00000111111111110000
 00000111111100000000
 00000000110000000000
 00000000000000000000
 00000000000000000000
images/112.jpg
 00000000000000000000
 00000000000000000000
 00000000000000000000
 00000000000000000000
 00000000000000000000
 00000000000000000000
 00000000000000000000
 00000000000000000000
 01110110110001101110
 01111111111001111111
 00111001111100101010
 00000001111110000000
 00000001111110000000
 00000000000000000000
 00000000000000000000
images/152.jpg
 00000000000000000000
 00000000000000000000
 00000000000000000000
 00000000000000000000
 00000000000000000000
 00000000000000000000
 00000000000000000000
 00000000111000000000
 01111111111111111110
 00111111111111111100
 00011111111111111000
 00000011111111100000
 00000011111111000000
 00000000000000000000
 00000000000000000000
images/013.jpg
 00000000000000000000
 00000000000000000000
 00000000000000000000
 00000000000000000000
 00000000000000000000
 00000000000000000000
 00000000000000000000
 00000000000000010010
 00001101111111111100
 00111111111111110000
 00001111111111100000
 00000001111111100000
 00000000001100000000
 00000000000000000000
 00000000000000000000
images/019.jpg
 00000000000000000000
 00000000000000000000
 00000000000000000000
 00000000000000000000
 00000000000000000000
 00000000000000000000
 00000000000000000000
 00000000000000001110
 00111111111111111100
 00111111111111110000
 00001111111111110000
 00000001111111100000
 00000000001100000000
 00000000000000000000
 00000000000000000000
images/044.jpg
 00000000000000000000
 00000000000000000000
 00000000000000000000
 00000000000000000000
 00000000000000000000
 00000000000000000000
 00000000000000000000
 00000000000000000110
 00000111111111111100
 00111111111111110000
 00001111111111100000
 00000011111111100000
 00000000011100000000
 00000000000000000000
 00000000000000000000
images/050.jpg
 00000000000000000000
 00000000000000000000
 00000000000000000000
 00000000000000000000
 00000000000000000000
 00000000000000000000
 00000000000000000000
 00000000000000111110
 00011111111111111100
 00111111111111110000
 00001111111111100000
 00000001111111100000
 00000000011100000000
 00000000000000000000
 00000000000000000000
images/070.jpg
 00000000000000000000
 00000000000000000000
 00000000000000000000
 00000000000000000000
 00000000000000000000
 00000000000000000000
 00000000000000000000
 00000000000000011110
 00000010111111111100
 00111111111111110000
 00001111111111100000
 00000011111111100000
 00000000011100000000
 00000000000000000000
 00000000000000000000
images/147.jpg
 00000000000000000000
 00000000000000000000
 00000000000000000000
 00000000000000000000
 00000000000000000000
 00000000000000000000
 00000000000000000000
 00000000000000000000
 01111111111111110111
 00111111111111111110
 00011111111111111100
 00000111111111100000
 00000011111111000000
 00000000000000000000
 00000000000000000000
images/017.jpg
 00000000000000000000
 00000000000000000000
 00000000000000000000
 00000000000000000000
 00000000000000000000
 00000000000000000000
 00000000000000000000
 00000000000000010010
 00011111111111111100
 00111111111111110000
 00001111111111110000
 00000001111111100000
 00000000001100000000
 00000000000000000000
 00000000000000000000
images/119.jpg
 00000000000000000000
 00000000000000000000
 00000000000000000000
 00000000000000000000
 00000000000000000000
 00000000000000000000
 00000000000000000000
 00111101110000000000
 00011111111111111000
 00000111111111111000
 00000111111111100000
 00000111111100000000
 00000000100000000000
 00000000000000000000
 00000000000000000000
images/096.jpg
 00000000000000000000
 00000000000000000000
 00000000000000000000
 00000000000000000000
 00000000000000000000
 00000000000000000000
 00000000000000000000
 00000000000000001110
 00000001001100111100
 00111111111111110000
 00001111111111100000
 00000011111111100000
 00000000111100000000
 00000000000000000000
 00000000000000000000
images/075.jpg
 00000000000000000000
 00000000000000000000
 00000000000000000000
 00000000000000000000
 00000000000000000000
 00000000000000000000
 00000000000000000000
 00000000000000001110
 00000111111111111100
 00100111111111110000
 00001111111111100000
 00000011111111100000
 00000000011100000000
 00000000000000000000
 00000000000000000000
images/155.jpg
 00000000000000000000
 00000000000000000000
 00000000000000000000
 00000000000000000000
 00000000000000000000
 00000000000000000000
 00000000000000000000
 00000000000000000000
 01111111111111111111
 00111111111111111100
 00011111111111111100
 00000011111111100000
 00000011111111000000
 00000000000000000000
 00000000000000000000
images/030.jpg
 00000000000000000000
 00000000000000000000
 00000000000000000000
 00000000000000000000
 00000000000000000000
 00000000000000000000
 00000000000000000000
 00000000000000001110
 00111111111111111100
 00111111111111110000
 00001111111111100000
 00000001111111100000
 00000000001100000000
 00000000000000000000
 00000000000000000000
images/068.jpg
 00000000000000000000
 00000000000000000000
 00000000000000000000
 00000000000000000000
 00000000000000000000
 00000000000000000000
 00000000000000000000
 00000000000000001110
 00000100111111111100
 00111111111111110000
 00001111111111100000
 00000001111111100000
 00000000011100000000
 00000000000000000000
 00000000000000000000
images/048.jpg
 00000000000000000000
 00000000000000000000
 00000000000000000000
 00000000000000000000
 00000000000000000000
 00000000000000000000
 00000000000000000000
 00000000000000001110
 00000111111111111100
 00111111111111110000
 00001111111111100000
 00000001111111100000
 00000000011100000000
 00000000000000000000
 00000000000000000000
images/062.jpg
 00000000000000000000
 00000000000000000000
 00000000000000000000
 00000000000000000000
 00000000000000000000
 00000000000000000000
 00000000000000000000
 00000000000000001110
 00000111111111111100
 00111111111111110000
 00001111111111100000
 00000001111111100000
 00000000011100000000
 00000000000000000000
 00000000000000000000
images/077.jpg
 00000000000000000000
 00000000000000000000
 00000000000000000000
 00000000000000000000
 00000000000000000000
 00000000000000000000
 00000000000000000000
 00000000000000101100
 00111101111111111100
 00111111111111110000
 00000111111111100000
 00000001111111100000
 00000000001100000000
 00000000000000000000
 00000000000000000000
images/080.jpg
 00000000000000000000
 00000000000000000000
 00000000000000000000
 00000000000000000000
 00000000000000000000
 00000000000000000000
 00000000000000000000
 00000000000000010110
 00000100011111111100
 00111111111111110000
 00001111111111100000
 00000011111111100000
 00000000011100000000
 00000000000000000000
 00000000000000000000
images/028.jpg
 00000000000000000000
 00000000000000000000
 00000000000000000000
 00000000000000000000
 00000000000000000000
 00000000000000000000
 00000000000000000000
 00000000000000001110
 00001111111111111100
 00111111111111110000
 00001111111111100000
 00000001111111100000
 00000000001100000000
 00000000000000000000
 00000000000000000000
images/055.jpg
 00000000000000000000
 00000000000000000000
 00000000000000000000
 00000000000000000000
 00000000000000000000
 00000000000000000000
 00000000000000000000
 00000000000000000110
 00000011111111111100
 00111111111111110000
 00001111111111100000
 00000001111111100000
 00000000011100000000
 00000000000000000000
 00000000000000000000
images/102.jpg
 00000000000000000000
 00000000000000000000
 00000000000000000000
 00000000000000000000
 00000000000000000000
 00000000000000000000
 00000000000000000000
 00000000000000000000
 01111000000010101111
 01111111111110111110
 01111100111100101000
 00000000111110000000
 00000001111110000000
 00000000000000000000
 00000000000000000000
images/095.jpg
 00000000000000000000
 00000000000000000000
 00000000000000000000
 00000000000000000000
 00000000000000000000
 00000000000000000000
 00000000000000000000
 00000000000000001010
 00100001111111111100
 00111111111111110000
 00001111111111110000
 00000001111111100000
 00000000011100000000
 00000000000000000000
 00000000000000000000
images/142.jpg
 00000000000000000000
 00000000000000000000
 00000000000000000000
 00000000000000000000
 00000000000000000000
 00000000000000000000
 00000000000000000000
 00111010000000000000
 00111111111111001000
 00001111111111111100
 00000111111001110000
 00000111110000000000
 00000000000000000000
 00000000000000000000
 00000000000000000000
images/156.jpg
 00000000000000000000
 00000000000000000000
 00000000000000000000
 00000000000000000000
 00000000000000000000
 00000000000000000000
 00000000000000000000
 00000000000000000000
 01111111111110011111
 00111111111110011100
 00011111111111111100
 00000011111111100000
 00000011111111000000
 00000000000000000000
 00000000000000000000
images/134.jpg
 00000000000000000000
 00000000000000000000
 00000000000000000000
 00000000000000000000
 00000000000000000000
 00000000000000000000
 00000000000000000000
 00111111110000000000
 00111111111111111000
 00000111111111111100
 00000111111111100000
 00000111111100000000
 00000000100000000000
 00000000000000000000
 00000000000000000000
images/094.jpg
 00000000000000000000
 00000000000000000000
 00000000000000000000
 00000000000000000000
 00000000000000000000
 00000000000000000000
 00000000000000000000
 00000000000001111110
 00000111111111111100
 00111111111111110000
 00000111111111100000
 00000001111111100000
 00000000001100000000
 00000000000000000000
 00000000000000000000
images/059.jpg
 00000000000000000000
 00000000000000000000
 00000000000000000000
 00000000000000000000
 00000000000000000000
 00000000000000000000
 00000000000000000000
 00000000000000000010
 00000111111111111100
 00111111111111110000
 00001111111111100000
 00000001111111100000
 00000000011100000000
 00000000000000000000
 00000000000000000000
images/072.jpg
 00000000000000000000
 00000000000000000000
 00000000000000000000
 00000000000000000000
 00000000000000000000
 00000000000000000000
 00000000000000000000
 00000000000000001110
 00000011011111111100
 00111111111111110000
 00001111111111100000
 00000011111111100000
 00000000011100000000
 00000000000000000000
 00000000000000000000
images/060.jpg
 00000000000000000000
 00000000000000000000
 00000000000000000000
 00000000000000000000
 00000000000000000000
 00000000000000000000
 00000000000000000000
 00000000000000001110
 00000111111111111100
 00111111111111110000
 00001111111111100000
 00000001111111100000
 00000000011100000000
 00000000000000000000
 00000000000000000000
images/009.jpg
 00000000000000000000
 00000000000000000000
 00000000000000000000
 00000000000000000000
 00000000000000000000
 00000000000000000000
 00000000000000000000
 00000000000000000000
 11101011111111111100
 00111111111111110000
 00001111111111100000
 00000001111111100000
 00000000001100000000
 00000000000000000000
 00000000000000000000
images/053.jpg
 00000000000000000000
 00000000000000000000
 00000000000000000000
 00000000000000000000
 00000000000000000000
 00000000000000000000
 00000000000000000000
 00000000000000000110
 00001011111111111100
 00111111111111110000
 00001111111111100000
 00000001111111100000
 00000000011100000000
 00000000000000000000
 00000000000000000000
images/139.jpg
 00000000000000000000
 00000000000000000000
 00000000000000000000
 00000000000000000000
 00000000000000000000
 00000000000000000000
 00000000000000000000
 00100100000000000000
 00111111110111111110
 00000111111111111100
 00000111111111111000
 00000111111100000000
 00000000110000000000
 00000000000000000000
 00000000000000000000
images/061.jpg
 00000000000000000000
 00000000000000000000
 00000000000000000000
 00000000000000000000
 00000000000000000000
 00000000000000000000
 00000000000000000000
 00000000000000001110
 00000111111111111100
 00111111111111110000
 00001111111111100000
 00000001111111100000
 00000000011100000000
 00000000000000000000
 00000000000000000000
images/104.jpg
 00000000000000000000
 00000000000000000000
 00000000000000000000
 00000000000000000000
 00000000000000000000
 00000000000000000000
 00000000000000000000
 00000000000000000000
 01111111010010111000
 01111111111111111111
 01111001111100011010
 00000001111100000000
 00000001111110000000
 00000000000000000000
 00000000000000000000
images/126.jpg
 00000000000000000000
 00000000000000000000
 00000000000000000000
 00000000000000000000
 00000000000000000000
 00000000000000000000
 00000000000000000000
 00111000000000000000
 00111001111111111000
 00000111111111111100
 00000111111111111000
 00000111111100100000
 00000000110000000000
 00000000000000000000
 00000000000000000000
images/023.jpg
 00000000000000000000
 00000000000000000000
 00000000000000000000
 00000000000000000000
 00000000000000000000
 00000000000000000000
 00000000000000000000
 00000000000000001110
 11111111111111111100
 00111111111111110000
 00001111111111100000
 00000001111111100000
 00000000001100000000
 00000000000000000000
 00000000000000000000
images/069.jpg
 00000000000000000000
 00000000000000000000
 00000000000000000000
 00000000000000000000
 00000000000000000000
 00000000000000000000
 00000000000000000000
 00000000000000001110
 00000010111111111100
 00111111111111110000
 00001111111111100000
 00000011111111100000
 00000000011100000000
 00000000000000000000
 00000000000000000000
images/011.jpg
 00000000000000000000
 00000000000000000000
 00000000000000000000
 00000000000000000000
 00000000000000000000
 00000000000000000000
 00000000000000000000
 00000000000000000010
 10110101111111111100
 00111111111111110000
 00001111111111100000
 00000011111111100000
 00000000011100000000
 00000000000000000000
 00000000000000000000
images/151.jpg
 00000000000000000000
 00000000000000000000
 00000000000000000000
 00000000000000000000
 00000000000000000000
 00000000000000000000
 00000000000000000000
 00000000000000000000
 01111111111111111110
 00111111111111111110
 00011111111111111100
 00000011111111100000
 00000011111111000000
 00000000000000000000
 00000000000000000000
images/141.jpg
 00000000000000000000
 00000000000000000000
 00000000000000000000
 00000000000000000000
 00000000000000000000
 00000000000000000000
 00000000000000000000
 00111110000000000000
 00111111111100101000
 00001111111111111100
 00000111111111110000
 00000011111100000000
 00000000110000000000
 00000000000000000000
 00000000000000000000
images/121.jpg
 00000000000000000000
 00000000000000000000
 00000000000000000000
 00000000000000000000
 00000000000000000000
 00000000000000000000
 00000000000000000000
 00111111000000000000
 00111111111111111100
 00000111111111111100
 00001111111111100000
 00000111111100000000
 00000000110000000000
 00000000000000000000
 00000000000000000000
images/087.jpg
 00000000000000000000
 00000000000000000000
 00000000000000000000
 00000000000000000000
 00000000000000000000
 00000000000000000000
 00000000000000000000
 00000000000000111110
 00011101111111111100
 00111111111111110000
 00000111111111100000
 00000001111111100000
 00000000011100000000
 00000000000000000000
 00000000000000000000
images/083.jpg
 00000000000000000000
 00000000000000000000
 00000000000000000000
 00000000000000000000
 00000000000000000000
 00000000000000000000
 00000000000000000000
 00000000000000000010
 00000111011111111100
 00111111111111110000
 00001111111111100000
 00000001111111100000
 00000000011100000000
 00000000000000000000
 00000000000000000000
images/125.jpg
 00000000000000000000
 00000000000000000000
 00000000000000000000
 00000000000000000000
 00000000000000000000
 00000000000000000000
 00000000000000000000
 00111100000000000000
 00111111111100110000
 00000111111111111100
 00000111111111111000
 00000111111100000000
 00000000110000000000
 00000000000000000000
 00000000000000000000
images/056.jpg
 00000000000000000000
 00000000000000000000
 00000000000000000000
 00000000000000000000
 00000000000000000000
 00000000000000000000
 00000000000000000000
 00000000000000000110
 00010111111111111100
 00111111111111110000
 00001111111111100000
 00000001111111100000
 00000000011100000000
 00000000000000000000
 00000000000000000000
images/159.jpg
 00000000000000000000
 00000000000000000000
 00000000000000000000
 00000000000000000000
 00000000000000000000
 00000000000000000000
 00000000000000000000
 00000000000000000000
 01000011111110111111
 00110011111111111100
 00010011111111111100
 00000011111111100000
 00000011111111000000
 00000000000000000000
 00000000000000000000
images/073.jpg
 00000000000000000000
 00000000000000000000
 00000000000000000000
 00000000000000000000
 00000000000000000000
 00000000000000000000
 00000000000000000000
 00000000000000000110
 00000001111111111100
 00111111111111110000
 00001111111111100000
 00000011111111100000
 00000000011100000000
 00000000000000000000
 00000000000000000000
images/020.jpg
 00000000000000000000
 00000000000000000000
 00000000000000000000
 00000000000000000000
 00000000000000000000
 00000000000000000000
 00000000000000000000
 00000000000000011110
 00011111111111111100
 00111111111111110000
 00001111111111100000
 00000001111111100000
 00000000001100000000
 00000000000000000000
 00000000000000000000
images/014.jpg
 00000000000000000000
 00000000000000000000
 00000000000000000000
 00000000000000000000
 00000000000000000000
 00000000000000000000
 00000000000000000000
 00000000000000010110
 00001001111111111100
 00111111111111110000
 00001111111111110000
 00000001111111100000
 00000000001100000000
 00000000000000000000
 00000000000000000000
images/163.jpg
 00000000000000000000
 00000000000000000000
 00000000000000000000
 00000000000000000000
 00000000000000000000
 00000000000000000000
 00000000000000000000
 00000000000000000000
 01101111110111111100
 00111111111111111100
 00011111111111111100
 00000011111111100000
 00000011111111000000
 00000000000000000000
 00000000000000000000
images/007.jpg
 00000000000000000000
 00000000000000000000
 00000000000000000000
 00000000000000000000
 00000000000000000000
 00000000000000000000
 00000000000000000000
 00000000000000000110
 00000111111111111100
 00111111111111110000
 00001111111111100000
 00000001111111100000
 00000000001100000000
 00000000000000000000
 00000000000000000000
images/167.jpg
 00000000000000000000
 00000000000000000000
 00000000000000000000
 00000000000000000000
 00000000000000000000
 00000000000000000000
 00000000000000000000
 00000000000000000000
 01111111111111111011
 00111111111111111100
 00011111111111111100
 00000011111111100000
 00000011111111000000
 00000000000000000000
 00000000000000000000
images/089.jpg
 00000000000000000000
 00000000000000000000
 00000000000000000000
 00000000000000000000
 00000000000000000000
 00000000000000000000
 00000000000000000000
 00000000000000000010
 01111100011111111100
 00111111111111110000
 00001111111111110000
 00000001111111100000
 00000000001100000000
 00000000000000000000
 00000000000000000000
images/004.jpg
 00000000000000000000
 00000000000000000000
 00000000000000000000
 00000000000000000000
 00000000000000000000
 00000000000000000000
 00000000000000000000
 00000000000000010010
 00000011111110111100
 00111111111111110000
 00011111111111110000
 00000011111111100000
 00000000011100000000
 00000000000000000000
 00000000000000000000
images/154.jpg
 00000000000000000000
 00000000000000000000
 00000000000000000000
 00000000000000000000
 00000000000000000000
 00000000000000000000
 00000000000000000000
 00000000110000000000
 00111111111111111110
 00111111111111111110
 00011111111111111100
 00000011111111100000
 00000011111111000000
 00000000000000000000
 00000000000000000000
images/066.jpg
 00000000000000000000
 00000000000000000000
 00000000000000000000
 00000000000000000000
 00000000000000000000
 00000000000000000000
 00000000000000000000
 00000000000000001110
 00000101111111111100
 00111111111111110000
 00001111111111100000
 00000011111111100000
 00000000011100000000
 00000000000000000000
 00000000000000000000
images/124.jpg
 00000000000000000000
 00000000000000000000
 00000000000000000000
 00000000000000000000
 00000000000000000000
 00000000000000000000
 00000000000000000000
 00111100000000000000
 00111111111111011010
 00000111111111111100
 00000111111111111000
 00000111111100100000
 00000000110000000000
 00000000000000000000
 00000000000000000000
images/041.jpg
 00000000000000000000
 00000000000000000000
 00000000000000000000
 00000000000000000000
 00000000000000000000
 00000000000000000000
 00000000000000000000
 00000000000000111110
 00011111111111111100
 00111111111111110000
 00001111111111100000
 00000001111111100000
 00000000001100000000
 00000000000000000000
 00000000000000000000
images/090.jpg
 00000000000000000000
 00000000000000000000
 00000000000000000000
 00000000000000000000
 00000000000000000000
 00000000000000000000
 00000000000000000000
 00000000000000001110
 00000011111111111100
 00111111111111110000
 00001111111111100000
 00000011111111100000
 00000000011100000000
 00000000000000000000
 00000000000000000000
images/021.jpg
 00000000000000000000
 00000000000000000000
 00000000000000000000
 00000000000000000000
 00000000000000000000
 00000000000000000000
 00000000000000000000
 00000000000000111110
 00000111111111111100
 00111111111111110000
 00001111111111100000
 00000001111111100000
 00000000011100000000
 00000000000000000000
 00000000000000000000
images/040.jpg
 00000000000000000000
 00000000000000000000
 00000000000000000000
 00000000000000000000
 00000000000000000000
 00000000000000000000
 00000000000000000000
 00000000000000111110
 00000011111111111100
 00111111111111110000
 00001111111111100000
 00000011111111100000
 00000000011100000000
 00000000000000000000
 00000000000000000000
images/115.jpg
 00000000000000000000
 00000000000000000000
 00000000000000000000
 00000000000000000000
 00000000000000000000
 00000000000000000000
 00000000000000000000
 00110000000000000000
 00111111111111111110
 00000111111111111100
 00000111111111110000
 00000111111100000000
 00000000110000000000
 00000000000000000000
 00000000000000000000
images/133.jpg
 00000000000000000000
 00000000000000000000
 00000000000000000000
 00000000000000000000
 00000000000000000000
 00000000000000000000
 00000000000000000000
 00001110000000000000
 00011111111001100000
 00000111111111100100
 00000111111111111000
 00000111111100000000
 00000000110000000000
 00000000000000000000
 00000000000000000000
images/086.jpg
 00000000000000000000
 00000000000000000000
 00000000000000000000
 00000000000000000000
 00000000000000000000
 00000000000000000000
 00000000000000000000
 00000000000011111100
 00001111111111111100
 00001111111111110000
 00000111111111100000
 00000001111111100000
 00000000001100000000
 00000000000000000000
 00000000000000000000
images/140.jpg
 00000000000000000000
 00000000000000000000
 00000000000000000000
 00000000000000000000
 00000000000000000000
 00000000000000000000
 00000000000000000000
 00000000000000000000
 00111111111100111110
 00001111111111111100
 00000111111111111000
 00000111111100000000
 00000000110000000000
 00000000000000000000
 00000000000000000000
images/052.jpg
 00000000000000000000
 00000000000000000000
 00000000000000000000
 00000000000000000000
 00000000000000000000
 00000000000000000000
 00000000000000000000
 00000000000000000010
 01111111111111111100
 00111111111111110000
 00001111111111100000
 00000001111111100000
 00000000011100000000
 00000000000000000000
 00000000000000000000
images/153.jpg
 00000000000000000000
 00000000000000000000
 00000000000000000000
 00000000000000000000
 00000000000000000000
 00000000000000000000
 00000000000000000000
 00000000000000000000
 00111111111111111110
 00111111111111111110
 00011111111111111000
 00000011111111100000
 00000011111111000000
 00000000000000000000
 00000000000000000000
images/026.jpg
 00000000000000000000
 00000000000000000000
 00000000000000000000
 00000000000000000000
 00000000000000000000
 00000000000000000000
 00000000000000000000
 00000000000000010010
 00001110111111111100
 00111111111111110000
 00001111111111100000
 00000001111111100000
 00000000001100000000
 00000000000000000000
 00000000000000000000
images/091.jpg
 00000000000000000000
 00000000000000000000
 00000000000000000000
 00000000000000000000
 00000000000000000000
 00000000000000000000
 00000000000000000000
 00000000000000011110
 00000111111111111100
 00111111111111110000
 00001111111111100000
 00000011111111100000
 00000000111100000000
 00000000000000000000
 00000000000000000000
images/103.jpg
 00000000000000000000
 00000000000000000000
 00000000000000000000
 00000000000000000000
 00000000000000000000
 00000000000000000000
 00000000000000000000
 00000000000000000000
 01111111110111101111
 01111111111111111110
 01111101111100001010
 00000001111110000000
 00000001111110000000
 00000000000000000000
 00000000000000000000
images/145.jpg
 00000000000000000000
 00000000000000000000
 00000000000000000000
 00000000000000000000
 00000000000000000000
 00000000000000000000
 00000000000000000000
 00101010100000000000
 01111111111111110011
 00111111111111111110
 00011111111111111100
 00000011111111100000
 00000000111111000000
 00000000000000000000
 00000000000000000000
images/008.jpg
 00000000000000000000
 00000000000000000000
 00000000000000000000
 00000000000000000000
 00000000000000000000
 00000000000000000000
 00000000000000000000
 00000000000000000110
 00000111111111111100
 00111111111111110000
 00001111111111100000
 00000001111111100000
 00000000001100000000
 00000000000000000000
 00000000000000000000
images/123.jpg
 00000000000000000000
 00000000000000000000
 00000000000000000000
 00000000000000000000
 00000000000000000000
 00000000000000000000
 00000000000000000000
 00111000000000000000
 00111111111111110000
 00000111111111111100
 00000111111111111010
 00000111111100000000
 00000000110000000000
 00000000000000000000
 00000000000000000000
images/109.jpg
 00000000000000000000
 00000000000000000000
 00000000000000000000
 00000000000000000000
 00000000000000000000
 00000000000000000000
 00000000000000000000
 00000000000000000000
 00110010001101110011
 01110011111110011111
 01111101111100001010
 00000001111110000000
 00000001111110000000
 00000000000000000000
 00000000000000000000
images/097.jpg
 00000000000000000000
 00000000000000000000
 00000000000000000000
 00000000000000000000
 00000000000000000000
 00000000000000000000
 00000000000000000000
 00000000000000000000
 01111101111111111111
 01111111111111111111
 01111001111100101010
 00000001111110000000
 00000000111100000000
 00000000000000000000
 00000000000000000000
