images/025.jpg
 428,484,452,510,0
images/115.jpg
 812,480,830,500,0
 828,482,841,496,0
 879,484,903,506,0
 913,487,926,499,0
 482,464,503,501,1
images/005.jpg
 579,493,613,524,0
 1057,440,1070,455,0
 896,450,914,468,0
 783,462,797,475,0
 170,543,208,619,1
images/101.jpg
 115,509,170,585,0
 433,503,445,524,0
images/097.jpg
 389,492,421,528,0
 360,491,370,509,0
 327,488,346,515,0
 465,494,475,509,0
 490,501,504,515,0
 568,492,584,510,0
images/024.jpg
 422,487,441,509,0
images/151.jpg
 253,473,293,518,0
 176,481,188,499,0
 55,492,76,519,0
images/129.jpg
 29,417,48,441,0
 1048,562,1085,616,0
 1246,519,1267,549,0
 1112,503,1140,538,0
images/029.jpg
 545,487,565,509,0
 800,467,815,491,1
images/155.jpg
 93,481,120,515,0
images/086.jpg
 183,548,236,615,0
 125,547,147,570,0
 1145,481,1229,602,0
images/032.jpg
 595,480,620,503,0
 840,459,855,481,1
images/134.jpg
images/168.jpg
 834,460,847,475,0
 851,459,859,473,0
 918,470,932,484,0
 985,464,1002,483,0
images/154.jpg
 113,501,135,527,0
 131,480,149,504,0
 226,472,241,491,0
 352,459,380,491,0
images/150.jpg
 101,487,157,561,0
 234,502,270,539,0
images/111.jpg
 551,525,634,620,0
 832,523,876,575,0
 814,531,832,555,0
 1011,528,1039,557,0
 385,498,398,526,1
images/009.jpg
 1077,448,1099,471,0
 338,498,361,544,1
images/016.jpg
 803,461,823,481,0
 110,521,147,598,1
 986,453,998,474,1
images/090.jpg
 738,470,771,506,0
 346,505,362,523,0
 117,531,131,545,0
 365,511,378,525,0
 1004,435,1021,465,1
images/082.jpg
 16,539,35,568,0
 247,528,278,568,0
 665,489,698,519,0
 789,471,846,528,0
 921,484,948,513,0
 936,457,949,472,0
 1248,423,1270,449,0
images/119.jpg
 402,421,434,462,0
 388,425,397,439,0
 425,423,453,449,0
 512,433,527,452,0
 663,451,684,474,0
 781,462,796,478,0
 819,464,838,481,0
 807,479,827,498,0
 859,475,869,488,0
 1108,505,1122,524,0
images/157.jpg
 193,459,218,491,0
 52,511,76,541,0
 7,497,21,518,0
images/045.jpg
 60,519,74,541,0
 334,495,353,513,0
 752,461,779,485,0
 107,515,121,534,0
 900,448,913,467,1
images/092.jpg
 595,495,629,531,0
images/118.jpg
 1114,505,1136,529,0
 1045,504,1061,524,0
 1144,507,1160,528,0
 1183,509,1217,553,0
 1246,516,1258,534,0
 667,468,688,508,1
images/006.jpg
 908,463,931,488,0
 147,498,165,534,1
 1144,456,1180,520,1
images/004.jpg
 334,513,357,540,0
 861,488,890,517,0
 799,473,810,484,0
 793,461,804,472,0
 827,459,849,480,0
 887,456,900,470,0
 880,453,892,467,0
 138,539,154,561,1
images/088.jpg
 205,501,238,535,0
 543,468,582,536,1
images/135.jpg
images/023.jpg
 412,479,437,505,0
 660,464,674,490,1
images/121.jpg
 393,429,411,444,0
 576,450,590,463,0
 707,462,730,492,0
images/117.jpg
 1008,492,1031,514,0
 1037,498,1050,511,0
 1070,497,1099,527,0
 1132,504,1146,515,0
 1157,505,1170,524,0
 1225,505,1243,522,0
 1250,513,1266,535,0
 605,463,627,501,1
images/028.jpg
 503,486,526,512,0
 763,465,777,491,1
images/039.jpg
 526,483,556,511,0
 736,465,750,486,1
 1221,421,1234,456,1
images/011.jpg
 1095,445,1115,466,0
 398,500,425,547,1
images/007.jpg
 1012,439,1032,459,0
 240,520,264,561,1
 1220,415,1244,464,1
images/102.jpg
 410,501,426,516,0
 475,504,487,516,0
 484,507,498,522,0
 567,506,577,519,0
 587,509,610,527,0
 638,506,658,525,0
 963,511,980,529,0
images/131.jpg
 354,504,388,544,0
 55,424,73,449,0
 960,491,993,529,0
 1024,599,1135,724,0
 1170,508,1206,552,0
images/040.jpg
 548,486,575,509,0
 754,465,766,484,1
 1220,419,1236,451,1
images/130.jpg
 702,556,765,620,0
 1015,499,1040,527,0
 1169,512,1194,542,0
 1229,556,1276,623,0
 1227,526,1244,542,0
images/017.jpg
 683,465,702,485,0
 870,453,884,476,1
images/110.jpg
 609,522,675,594,0
 843,528,881,565,0
 1012,528,1034,554,0
 1254,528,1277,569,0
 1260,506,1277,538,0
 441,499,455,528,1
images/055.jpg
 304,501,323,525,0
 350,499,370,516,0
 486,494,502,509,0
 531,487,545,503,0
 546,497,557,509,0
 654,479,663,491,0
 669,472,688,495,0
 1047,444,1063,461,0
images/062.jpg
 234,508,257,536,0
 258,510,269,525,0
 278,502,296,526,0
 348,500,364,517,0
 454,495,469,512,0
 483,488,496,506,0
 550,495,566,510,0
 603,479,620,491,0
 637,475,652,490,0
 981,442,997,460,0
images/162.jpg
 169,475,186,501,0
 185,471,200,483,0
 308,473,327,501,0
images/093.jpg
 78,543,97,567,0
 913,460,946,501,0
 774,467,788,487,1
images/037.jpg
 540,480,563,502,0
 759,459,773,480,1
images/149.jpg
 139,521,170,556,0
 295,469,307,487,0
images/042.jpg
 628,480,653,505,0
 260,507,281,527,0
 15,525,32,544,0
 62,523,75,539,0
images/036.jpg
 563,483,585,505,0
 787,464,803,485,1
images/066.jpg
 168,511,197,550,0
 210,508,229,535,0
 287,504,300,524,0
 406,499,426,519,0
 429,493,448,509,0
 533,496,550,514,0
 554,482,568,494,0
 587,475,603,495,0
 921,447,937,468,0
images/031.jpg
 591,476,618,500,0
 842,455,856,480,1
images/072.jpg
 223,520,234,538,0
 248,514,286,564,0
 272,508,297,543,0
 348,507,368,524,0
 512,492,527,508,0
 522,497,541,517,0
 626,482,639,496,0
 667,470,689,494,0
 679,489,696,509,0
 957,446,975,463,0
images/044.jpg
 37,510,53,529,0
 304,497,320,516,0
 705,475,727,501,0
 85,510,97,525,0
 867,463,882,483,1
images/114.jpg
 862,480,885,505,0
 796,479,812,497,0
 813,481,822,492,0
 477,461,496,495,1
images/105.jpg
 340,561,384,610,0
 435,499,466,531,0
 585,504,609,530,0
 640,509,653,525,0
 647,524,685,562,0
 709,509,732,531,0
 899,512,930,546,0
 1256,492,1279,545,0
images/041.jpg
 235,495,252,516,0
 585,479,613,501,0
 782,460,795,481,1
 1237,429,1253,464,1
images/094.jpg
 202,540,228,570,0
 190,510,227,554,0
 259,509,282,537,0
 122,521,141,542,0
 67,525,82,540,0
 17,538,30,556,0
 6,528,18,549,0
 810,470,830,491,0
images/112.jpg
 719,516,794,594,0
 655,525,681,550,0
 959,511,992,545,0
 1223,485,1249,518,0
 113,477,132,513,1
images/139.jpg
 269,464,289,485,0
 388,458,411,480,0
 410,456,450,500,0
 485,461,496,477,0
 523,461,536,473,0
 556,470,576,488,0
 650,474,690,522,0
images/166.jpg
 947,471,968,490,0
 1057,487,1081,506,0
 1115,476,1139,500,0
 709,454,728,490,1
images/071.jpg
 216,505,257,552,0
 204,515,216,530,0
 247,503,272,529,0
 332,497,346,517,0
 484,484,512,509,0
 605,472,621,490,0
 646,467,666,484,0
 646,482,663,500,0
 947,444,961,458,0
images/167.jpg
 918,463,938,485,0
 1027,479,1045,498,0
 1080,470,1106,493,0
 684,446,704,484,1
images/103.jpg
 688,489,704,506,0
 688,506,704,521,0
 775,487,790,504,0
 788,495,808,513,0
 903,487,919,504,0
 976,486,1012,524,0
 990,508,1016,541,0
 1041,491,1066,512,0
images/054.jpg
 315,493,334,517,0
 364,494,377,511,0
 492,485,506,504,0
 658,470,674,488,0
 675,468,695,487,0
 1055,439,1075,460,0
 549,493,557,502,0
 538,482,552,494,0
images/003.jpg
 243,550,259,571,0
 273,523,288,540,0
 573,498,590,517,0
 619,484,645,509,0
 683,482,704,504,0
 736,472,751,485,0
 758,464,770,478,0
 781,467,795,482,0
 816,457,829,474,0
 842,459,852,470,0
images/084.jpg
 35,575,92,654,0
 868,483,928,550,0
 1010,449,1035,475,0
 1106,432,1146,471,0
 1152,442,1171,464,0
images/142.jpg
 113,405,138,438,0
 167,408,188,434,0
 248,419,261,435,0
 364,438,383,455,0
 397,434,409,452,0
 477,456,495,478,0
 521,444,534,463,0
 554,449,574,468,0
 598,458,611,475,0
 906,489,922,506,0
images/156.jpg
 141,472,165,507,0
images/035.jpg
 587,480,611,504,0
 819,463,831,482,1
images/159.jpg
 62,485,81,518,0
 99,486,114,501,0
 185,491,210,525,0
 284,459,313,488,0
images/048.jpg
 243,505,258,527,0
 292,501,307,519,0
 561,480,576,499,0
 983,444,1005,466,0
images/145.jpg
 1067,490,1119,559,0
 753,462,772,492,1
images/125.jpg
 817,503,871,563,0
images/034.jpg
 600,483,623,507,0
 835,463,850,483,1
images/067.jpg
 169,507,199,549,0
 208,504,234,533,0
 291,502,302,519,0
 419,496,438,516,0
 435,491,452,508,0
 544,494,563,509,0
 559,479,571,497,0
 594,472,613,496,0
 922,449,938,464,0
images/085.jpg
 140,604,266,751,0
 1066,466,1108,518,0
 1103,448,1128,472,0
 1192,431,1221,477,0
images/136.jpg
 583,518,849,792,0
 800,475,815,505,1
images/128.jpg
 106,428,130,463,0
 1214,502,1228,526,0
 1224,541,1250,576,0
images/022.jpg
 412,491,434,515,0
 648,475,662,501,1
images/047.jpg
 160,501,175,522,0
 212,498,223,515,0
 463,478,480,496,0
 896,447,924,472,0
images/001.jpg
 405,471,426,493,0
 436,471,455,493,0
 366,481,380,494,0
 178,492,192,504,0
 98,516,111,530,0
 578,457,592,473,0
 597,456,611,478,0
 633,450,648,463,0
 686,446,701,460,0
 699,451,712,464,0
images/146.jpg
 1026,476,1078,538,0
 757,462,775,490,1
images/076.jpg
 69,548,87,564,0
 144,527,181,570,0
 160,535,245,640,0
 234,519,259,549,0
 412,503,426,525,0
 459,505,476,531,0
 511,492,528,509,0
 562,485,578,504,0
 640,496,657,514,0
 831,459,840,475,0
images/099.jpg
 85,492,109,524,0
 362,503,378,538,1
images/060.jpg
 249,504,275,532,0
 277,509,286,524,0
 290,502,312,523,0
 361,493,377,514,0
 452,492,474,511,0
 490,487,508,503,0
 543,490,557,511,0
 613,475,628,492,0
 640,471,657,488,0
 998,440,1009,460,0
images/058.jpg
 247,495,270,523,0
 293,494,312,516,0
 361,491,376,508,0
 447,485,463,504,0
 486,482,499,496,0
 520,487,536,505,0
 610,472,620,488,0
 631,467,649,484,0
 780,459,788,471,0
 997,443,1013,461,0
images/053.jpg
 320,498,338,521,0
 490,490,504,506,0
 657,477,674,490,0
 673,471,692,491,0
 1058,441,1078,460,0
 537,495,551,507,0
 542,486,552,495,0
images/152.jpg
 54,490,74,511,0
 7,513,25,544,0
 268,463,302,500,0
 166,477,178,495,0
images/075.jpg
 147,522,163,543,0
 229,506,290,586,0
 218,506,242,542,0
 302,504,317,526,0
 469,487,487,506,0
 503,490,525,512,0
 577,480,588,490,0
 622,468,643,490,0
 684,481,700,499,0
 892,450,905,465,0
images/122.jpg
 571,471,590,493,0
 809,489,823,513,1
images/002.jpg
 149,514,162,528,0
 228,496,238,507,0
 433,495,447,508,0
 470,485,495,508,0
 507,487,529,511,0
 643,476,658,491,0
 662,477,682,495,0
 691,470,704,484,0
 745,468,760,481,0
 759,472,771,484,0
images/123.jpg
 768,488,793,516,0
 1042,508,1061,542,1
images/109.jpg
 53,483,92,546,0
 289,520,361,598,0
 550,540,578,566,0
 832,599,962,721,0
 304,495,316,519,1
images/026.jpg
 440,492,464,518,0
 700,475,714,496,1
images/013.jpg
 1078,437,1096,457,0
 409,497,435,548,1
images/010.jpg
 1093,424,1109,448,0
 377,501,404,548,1
images/127.jpg
 348,460,383,496,0
 246,448,261,472,1
images/163.jpg
 283,462,305,486,0
 427,471,447,496,0
images/096.jpg
 54,546,103,605,0
 219,534,253,566,0
 358,525,379,549,0
 526,516,559,552,0
 595,503,618,526,0
 803,520,851,562,0
 790,476,811,497,0
 849,464,880,494,0
 913,468,932,482,0
 1226,403,1245,431,0
images/043.jpg
 657,473,682,496,0
 278,499,292,514,0
 21,517,38,537,0
 70,516,81,531,0
images/126.jpg
 373,460,432,528,0
images/091.jpg
 679,482,706,511,0
 297,519,315,532,0
 67,546,77,561,0
 29,534,58,559,0
 771,468,784,489,1
 1134,425,1147,450,1
images/133.jpg
 132,469,183,533,0
 224,456,241,481,0
 94,417,107,436,0
 741,483,790,530,0
 998,521,1067,598,0
 1219,560,1249,590,0
images/158.jpg
 11,499,32,529,0
 56,492,71,508,0
 129,502,149,526,0
 243,465,274,498,0
images/018.jpg
 600,474,619,495,0
 795,463,810,485,1
images/064.jpg
 202,510,231,547,0
 246,507,265,531,0
 317,503,334,522,0
 432,499,448,517,0
 458,493,472,510,0
 539,497,557,516,0
 578,480,598,500,0
 610,476,628,498,0
 956,447,969,463,0
images/148.jpg
 256,479,272,496,0
 770,461,798,487,0
images/019.jpg
 544,483,564,503,0
 749,470,767,492,1
images/080.jpg
 30,525,47,547,0
 63,531,90,560,0
 108,524,125,541,0
 204,516,232,543,0
 401,496,465,553,0
 514,525,550,557,0
 916,463,930,480,0
images/165.jpg
 936,472,956,491,0
 1060,487,1077,508,0
 1111,477,1133,501,0
images/137.jpg
 397,492,587,710,0
images/046.jpg
 813,464,833,483,0
 379,496,393,512,0
 91,519,102,537,0
 140,515,151,531,0
images/078.jpg
 42,518,66,547,0
 23,522,36,538,0
 102,522,116,540,0
 463,505,478,526,0
images/012.jpg
 1092,428,1111,451,0
 412,494,443,542,1
images/098.jpg
 510,501,544,541,0
 474,504,488,522,0
 438,504,459,526,0
 586,506,603,522,0
 618,510,633,525,0
 699,499,715,517,0
 730,509,743,524,0
