images/001.jpg
images/002.jpg
images/003.jpg
 62,511,74,532
 68,521,82,536
 37,521,49,536
 186,509,197,527
 193,504,206,521
 146,511,159,525
 254,498,272,511
 281,501,293,518
 289,498,303,510
images/004.jpg
 480,488,506,516
 404,491,416,504
 416,491,428,504
 254,500,267,512
images/005.jpg
 551,479,584,509
 216,504,234,521
 136,513,151,527
images/006.jpg
 539,495,566,516
 490,490,507,507
 450,493,479,515
 294,500,310,521
 274,505,288,524
 243,503,270,533
 640,470,659,494
 609,482,634,497
 359,497,377,514
 990,445,1015,473
images/007.jpg
 1195,435,1223,463
 1249,421,1272,452
images/008.jpg
 1045,469,1106,537
 1085,443,1120,480
 1175,422,1214,481
 1219,438,1233,464
 1128,435,1146,455
 99,606,246,747
images/009.jpg
images/010.jpg
 661,487,703,530
 263,526,276,545
 12,545,36,568
images/011.jpg
 847,456,870,477
images/012.jpg
 656,488,691,521
images/013.jpg
images/014.jpg
images/015.jpg
 1139,428,1156,446
 1152,432,1168,450
 1121,435,1133,450
 1215,429,1230,442
 955,448,970,462
 986,438,1010,452
images/016.jpg
images/017.jpg
 713,471,745,500
 748,472,766,489
 859,478,887,508
 938,450,970,479
images/018.jpg
images/019.jpg
images/020.jpg
images/021.jpg
images/022.jpg
 1098,484,1128,517
 958,493,976,509
images/023.jpg
 699,491,717,515
 753,496,774,512
 809,493,827,509
 841,496,858,518
 1009,485,1023,509
 896,492,915,507
 1032,493,1049,507
 1203,481,1217,496
images/024.jpg
 830,501,871,542
 876,498,905,531
 952,499,980,523
 1076,498,1103,531
 1101,496,1119,518
 1194,501,1215,529
 1216,480,1232,507
 1248,472,1272,506
images/025.jpg
 474,506,510,544
 433,500,453,527
 397,499,425,531
 323,499,347,520
 552,504,568,528
 581,508,600,535
 628,508,646,523
 664,504,683,526
 695,514,715,537
 900,506,919,521
 719,512,733,522
images/026.jpg
images/027.jpg
images/028.jpg
 629,520,717,594
 849,517,908,580
 1010,513,1044,562
 1230,516,1267,577
 1255,499,1280,541
images/029.jpg
 175,477,188,498
 179,487,197,502
 255,486,270,505
 292,483,303,500
 102,478,117,495
 128,483,139,497
 83,474,95,492
 26,475,40,488
 13,467,3,490
images/030.jpg
images/031.jpg
 342,496,368,519
 313,489,328,514
 227,489,262,516
 180,488,192,501
 90,480,107,504
 80,473,99,499
 49,477,69,494
images/032.jpg
 91,476,111,507
 74,469,88,499
 50,479,69,508
images/033.jpg
images/034.jpg
 1211,467,1262,535
 1144,486,1169,509
images/035.jpg
images/036.jpg
images/037.jpg
images/038.jpg
images/039.jpg
images/040.jpg
images/041.jpg
images/042.jpg
images/043.jpg
 788,488,813,520
 719,477,733,496
images/044.jpg
images/045.jpg
 580,450,592,467
 565,450,576,465
images/046.jpg
 598,469,635,512
 814,485,879,560
 808,487,827,507
 802,480,821,496
 737,476,762,498
 462,470,491,496
images/047.jpg
 248,414,262,433
 155,407,169,425
images/048.jpg
 544,455,556,472
 565,470,577,483
 784,475,802,500
 751,476,769,496
 813,478,833,501
 832,482,827,493
 881,485,897,497
 898,485,919,504
 951,488,975,505
images/049.jpg
 604,464,624,493
 580,468,595,489
 469,451,490,467
 387,452,402,468
 752,481,773,503
 725,475,737,497
 775,480,793,503
 855,480,879,504
 886,490,900,513
 902,491,917,508
 951,497,971,515
images/050.jpg
 706,476,724,498
 722,467,748,497
 742,481,768,498
 803,490,814,500
 614,470,635,486
 574,466,590,487
 463,452,480,472
 449,455,465,477
 394,443,413,466
 301,442,314,455
 586,471,601,480
images/051.jpg
images/052.jpg
images/053.jpg
 408,440,429,465
 337,449,356,465
 299,438,315,456
 281,439,295,455
images/054.jpg
images/055.jpg
images/056.jpg
 270,455,296,480
images/057.jpg
images/058.jpg
 402,449,426,475
 27,469,50,492
images/059.jpg
 239,457,254,475
 39,506,17,532
images/060.jpg
 749,454,783,493
 254,480,277,496
images/061.jpg
images/062.jpg
 1208,487,1233,516
images/063.jpg
images/064.jpg
images/065.jpg
images/066.jpg
 1106,473,1129,498
 1233,490,1255,518
 1226,484,1241,506
 1264,487,1279,519
 1014,459,1029,481
 924,464,940,483
images/067.jpg
 831,453,848,482
 806,455,820,474
 953,462,963,482
 979,464,1001,485
 1003,466,1021,485
 1080,464,1104,488
 1101,471,1123,500
 1118,468,1141,492
 1176,478,1194,499
images/068.jpg
images/069.jpg
 123,487,155,523
 135,468,159,495
 358,440,398,498
 219,459,247,480
images/070.jpg
 1046,466,1064,481
 1078,469,1093,487
 1157,472,1175,491
images/071.jpg
images/072.jpg
images/073.jpg
 1215,423,1238,454
 1239,423,1253,447
images/074.jpg
 17,526,46,563
 193,516,219,534
