images/001.jpg
 00000000000000000000
 00000000000000000000
 00000000000000000000
 00000000000000000000
 00000000000000000000
 00000000000000000000
 00000000000000000000
 00000000000011011100
 10001111111111111100
 00011111111111110000
 00000111111111110000
 00000001111111100000
 00000000001100000000
 00000000000000000000
 00000000000000000000
images/002.jpg
 00000000000000000000
 00000000000000000000
 00000000000000000000
 00000000000000000000
 00000000000000000000
 00000000000000000000
 00000000000000000000
 00000000000000000000
 01000111111111111100
 00111111111111110000
 00001111111111110000
 00000001111111100000
 00000000001100000000
 00000000000000000000
 00000000000000000000
images/003.jpg
 00000000000000000000
 00000000000000000000
 00000000000000000000
 00000000000000000000
 00000000000000000000
 00000000000000000000
 00000000000000000000
 00000000000000111110
 00000011000011111100
 10111110001111110000
 00001111111111100000
 00000011111111100000
 00000000011100000000
 00000000000000000000
 00000000000000000000
images/004.jpg
 00000000000000000000
 00000000000000000000
 00000000000000000000
 00000000000000000000
 00000000000000000000
 00000000000000000000
 00000000000000000000
 00000000000000010010
 00000011111110111100
 00111111111111110000
 00011111111111110000
 00000011111111100000
 00000000011100000000
 00000000000000000000
 00000000000000000000
images/005.jpg
 00000000000000000000
 00000000000000000000
 00000000000000000000
 00000000000000000000
 00000000000000000000
 00000000000000000000
 00000000000000000000
 00000000000000010110
 00000011101111111100
 00001111111111110000
 00001111111111100000
 00000011111111100000
 00000000011100000000
 00000000000000000000
 00000000000000000000
images/006.jpg
 00000000000000000000
 00000000000000000000
 00000000000000000000
 00000000000000000000
 00000000000000000000
 00000000000000000000
 00000000000000000000
 00000000000000000000
 10011111111111111100
 00111111111111110000
 00001111111111110000
 00000001111111100000
 00000000001100000000
 00000000000000000000
 00000000000000000000
images/007.jpg
 00000000000000000000
 00000000000000000000
 00000000000000000000
 00000000000000000000
 00000000000000000000
 00000000000000000000
 00000000000000000000
 00000000000000000110
 00000111111111111100
 00111111111111110000
 00001111111111100000
 00000001111111100000
 00000000001100000000
 00000000000000000000
 00000000000000000000
images/008.jpg
 00000000000000000000
 00000000000000000000
 00000000000000000000
 00000000000000000000
 00000000000000000000
 00000000000000000000
 00000000000000000000
 00000000000000000110
 00000111111111111100
 00111111111111110000
 00001111111111100000
 00000001111111100000
 00000000001100000000
 00000000000000000000
 00000000000000000000
images/009.jpg
 00000000000000000000
 00000000000000000000
 00000000000000000000
 00000000000000000000
 00000000000000000000
 00000000000000000000
 00000000000000000000
 00000000000000000000
 11101011111111111100
 00111111111111110000
 00001111111111100000
 00000001111111100000
 00000000001100000000
 00000000000000000000
 00000000000000000000
images/010.jpg
 00000000000000000000
 00000000000000000000
 00000000000000000000
 00000000000000000000
 00000000000000000000
 00000000000000000000
 00000000000000000000
 00000000000001111110
 00000101111111111100
 00111111111111110000
 00001111111111100000
 00000001111111100000
 00000000001100000000
 00000000000000000000
 00000000000000000000
images/011.jpg
 00000000000000000000
 00000000000000000000
 00000000000000000000
 00000000000000000000
 00000000000000000000
 00000000000000000000
 00000000000000000000
 00000000000000000010
 10110101111111111100
 00111111111111110000
 00001111111111100000
 00000011111111100000
 00000000011100000000
 00000000000000000000
 00000000000000000000
images/012.jpg
 00000000000000000000
 00000000000000000000
 00000000000000000000
 00000000000000000000
 00000000000000000000
 00000000000000000000
 00000000000000000000
 00000000000001111010
 00000101111111111100
 00111111111111110000
 00001111111111100000
 00000001111111100000
 00000000001100000000
 00000000000000000000
 00000000000000000000
images/013.jpg
 00000000000000000000
 00000000000000000000
 00000000000000000000
 00000000000000000000
 00000000000000000000
 00000000000000000000
 00000000000000000000
 00000000000000010010
 00001101111111111100
 00111111111111110000
 00001111111111100000
 00000001111111100000
 00000000001100000000
 00000000000000000000
 00000000000000000000
images/014.jpg
 00000000000000000000
 00000000000000000000
 00000000000000000000
 00000000000000000000
 00000000000000000000
 00000000000000000000
 00000000000000000000
 00000000000000010110
 00001001111111111100
 00111111111111110000
 00001111111111110000
 00000001111111100000
 00000000001100000000
 00000000000000000000
 00000000000000000000
images/015.jpg
 00000000000000000000
 00000000000000000000
 00000000000000000000
 00000000000000000000
 00000000000000000000
 00000000000000000000
 00000000000000000000
 00000000000000001000
 00000111111111111100
 00111111111111110000
 00001111111111100000
 00000001111111100000
 00000000001100000000
 00000000000000000000
 00000000000000000000
images/016.jpg
 00000000000000000000
 00000000000000000000
 00000000000000000000
 00000000000000000000
 00000000000000000000
 00000000000000000000
 00000000000000000000
 00000000000000000000
 00011111111111111100
 00011111111111110000
 00001111111111110000
 00000001111111100000
 00000000011100000000
 00000000000000000000
 00000000000000000000
images/017.jpg
 00000000000000000000
 00000000000000000000
 00000000000000000000
 00000000000000000000
 00000000000000000000
 00000000000000000000
 00000000000000000000
 00000000000000010010
 00011111111111111100
 00111111111111110000
 00001111111111110000
 00000001111111100000
 00000000001100000000
 00000000000000000000
 00000000000000000000
images/018.jpg
 00000000000000000000
 00000000000000000000
 00000000000000000000
 00000000000000000000
 00000000000000000000
 00000000000000000000
 00000000000000000000
 00000000000000001110
 00111111111111111100
 00111111111111110000
 00001111111111100000
 00000001111111100000
 00000000001100000000
 00000000000000000000
 00000000000000000000
images/019.jpg
 00000000000000000000
 00000000000000000000
 00000000000000000000
 00000000000000000000
 00000000000000000000
 00000000000000000000
 00000000000000000000
 00000000000000001110
 00111111111111111100
 00111111111111110000
 00001111111111110000
 00000001111111100000
 00000000001100000000
 00000000000000000000
 00000000000000000000
images/020.jpg
 00000000000000000000
 00000000000000000000
 00000000000000000000
 00000000000000000000
 00000000000000000000
 00000000000000000000
 00000000000000000000
 00000000000000011110
 00011111111111111100
 00111111111111110000
 00001111111111100000
 00000001111111100000
 00000000001100000000
 00000000000000000000
 00000000000000000000
images/021.jpg
 00000000000000000000
 00000000000000000000
 00000000000000000000
 00000000000000000000
 00000000000000000000
 00000000000000000000
 00000000000000000000
 00000000000000111110
 00000111111111111100
 00111111111111110000
 00001111111111100000
 00000001111111100000
 00000000011100000000
 00000000000000000000
 00000000000000000000
images/022.jpg
 00000000000000000000
 00000000000000000000
 00000000000000000000
 00000000000000000000
 00000000000000000000
 00000000000000000000
 00000000000000000000
 00000000000000000010
 00011111111111111100
 00111111111111110000
 00001111111111100000
 00000011111111100000
 00000000011100000000
 00000000000000000000
 00000000000000000000
images/023.jpg
 00000000000000000000
 00000000000000000000
 00000000000000000000
 00000000000000000000
 00000000000000000000
 00000000000000000000
 00000000000000000000
 00000000000000001110
 11111111111111111100
 00111111111111110000
 00001111111111100000
 00000001111111100000
 00000000001100000000
 00000000000000000000
 00000000000000000000
images/024.jpg
 00000000000000000000
 00000000000000000000
 00000000000000000000
 00000000000000000000
 00000000000000000000
 00000000000000000000
 00000000000000000000
 00000000000000011000
 00011111111111111100
 00111111111111110000
 00001111111111100000
 00000001111111100000
 00000000001100000000
 00000000000000000000
 00000000000000000000
images/025.jpg
 00000000000000000000
 00000000000000000000
 00000000000000000000
 00000000000000000000
 00000000000000000000
 00000000000000000000
 00000000000000000000
 00000000000000000010
 01111111111111111100
 00111111111111110000
 00001111111111100000
 00000001111111100000
 00000000001100000000
 00000000000000000000
 00000000000000000000
images/026.jpg
 00000000000000000000
 00000000000000000000
 00000000000000000000
 00000000000000000000
 00000000000000000000
 00000000000000000000
 00000000000000000000
 00000000000000010010
 00001110111111111100
 00111111111111110000
 00001111111111100000
 00000001111111100000
 00000000001100000000
 00000000000000000000
 00000000000000000000
images/027.jpg
 00000000000000000000
 00000000000000000000
 00000000000000000000
 00000000000000000000
 00000000000000000000
 00000000000000000000
 00000000000000000000
 00000000000000011110
 00001111111111111100
 00111111111111110000
 00001111111111110000
 00000001111111100000
 00000000001100000000
 00000000000000000000
 00000000000000000000
images/028.jpg
 00000000000000000000
 00000000000000000000
 00000000000000000000
 00000000000000000000
 00000000000000000000
 00000000000000000000
 00000000000000000000
 00000000000000001110
 00001111111111111100
 00111111111111110000
 00001111111111100000
 00000001111111100000
 00000000001100000000
 00000000000000000000
 00000000000000000000
images/029.jpg
 00000000000000000000
 00000000000000000000
 00000000000000000000
 00000000000000000000
 00000000000000000000
 00000000000000000000
 00000000000000000000
 00000000000000001010
 00011111111111111100
 00111111111111110000
 00001111111111100000
 00000001111111100000
 00000000001100000000
 00000000000000000000
 00000000000000000000
images/030.jpg
 00000000000000000000
 00000000000000000000
 00000000000000000000
 00000000000000000000
 00000000000000000000
 00000000000000000000
 00000000000000000000
 00000000000000001110
 00111111111111111100
 00111111111111110000
 00001111111111100000
 00000001111111100000
 00000000001100000000
 00000000000000000000
 00000000000000000000
images/031.jpg
 00000000000000000000
 00000000000000000000
 00000000000000000000
 00000000000000000000
 00000000000000000000
 00000000000000000000
 00000000000000000000
 00000000000000001110
 00111111111111111100
 00111111111111110000
 00001111111111110000
 00000001111111100000
 00000000001100000000
 00000000000000000000
 00000000000000000000
images/032.jpg
 00000000000000000000
 00000000000000000000
 00000000000000000000
 00000000000000000000
 00000000000000000000
 00000000000000000000
 00000000000000000000
 00000000000000001110
 00001111111111111100
 00111111111111110000
 00001111111111100000
 00000001111111100000
 00000000001100000000
 00000000000000000000
 00000000000000000000
images/033.jpg
 00000000000000000000
 00000000000000000000
 00000000000000000000
 00000000000000000000
 00000000000000000000
 00000000000000000000
 00000000000000000000
 00000000000000011110
 00000111111111111100
 00111111111111110000
 00001111111111100000
 00000001111111100000
 00000000001100000000
 00000000000000000000
 00000000000000000000
images/034.jpg
 00000000000000000000
 00000000000000000000
 00000000000000000000
 00000000000000000000
 00000000000000000000
 00000000000000000000
 00000000000000000000
 00000000000000001110
 00001111111111111100
 00111111111111110000
 00001111111111100000
 00000001111111100000
 00000000001100000000
 00000000000000000000
 00000000000000000000
images/035.jpg
 00000000000000000000
 00000000000000000000
 00000000000000000000
 00000000000000000000
 00000000000000000000
 00000000000000000000
 00000000000000000000
 00000000000000010110
 00001111111111111100
 00111111111111110000
 00001111111111100000
 00000001111111100000
 00000000001100000000
 00000000000000000000
 00000000000000000000
images/036.jpg
 00000000000000000000
 00000000000000000000
 00000000000000000000
 00000000000000000000
 00000000000000000000
 00000000000000000000
 00000000000000000000
 00000000000000011110
 00001111111111111100
 00111111111111110000
 00001111111111100000
 00000001111111100000
 00000000001100000000
 00000000000000000000
 00000000000000000000
images/037.jpg
 00000000000000000000
 00000000000000000000
 00000000000000000000
 00000000000000000000
 00000000000000000000
 00000000000000000000
 00000000000000000000
 00000000000000111110
 00000111111111111100
 00111111111111110000
 00001111111111100000
 00000001111111100000
 00000000001100000000
 00000000000000000000
 00000000000000000000
images/038.jpg
 00000000000000000000
 00000000000000000000
 00000000000000000000
 00000000000000000000
 00000000000000000000
 00000000000000000000
 00000000000000000000
 00000000000000111110
 00001111111111111100
 00111111111111110000
 00001111111111100000
 00000011111111100000
 00000000011100000000
 00000000000000000000
 00000000000000000000
images/039.jpg
 00000000000000000000
 00000000000000000000
 00000000000000000000
 00000000000000000000
 00000000000000000000
 00000000000000000000
 00000000000000000000
 00000000000000111110
 00001111111111111100
 00111111111111110000
 00001111111111100000
 00000011111111100000
 00000000011100000000
 00000000000000000000
 00000000000000000000
images/040.jpg
 00000000000000000000
 00000000000000000000
 00000000000000000000
 00000000000000000000
 00000000000000000000
 00000000000000000000
 00000000000000000000
 00000000000000111110
 00000011111111111100
 00111111111111110000
 00001111111111100000
 00000011111111100000
 00000000011100000000
 00000000000000000000
 00000000000000000000
images/041.jpg
 00000000000000000000
 00000000000000000000
 00000000000000000000
 00000000000000000000
 00000000000000000000
 00000000000000000000
 00000000000000000000
 00000000000000111110
 00011111111111111100
 00111111111111110000
 00001111111111100000
 00000001111111100000
 00000000001100000000
 00000000000000000000
 00000000000000000000
images/042.jpg
 00000000000000000000
 00000000000000000000
 00000000000000000000
 00000000000000000000
 00000000000000000000
 00000000000000000000
 00000000000000000000
 00000000000000011110
 00000111111111111100
 00111111111111110000
 00001111111111100000
 00000011111111100000
 00000000011100000000
 00000000000000000000
 00000000000000000000
images/043.jpg
 00000000000000000000
 00000000000000000000
 00000000000000000000
 00000000000000000000
 00000000000000000000
 00000000000000000000
 00000000000000000000
 00000000000000001110
 00000111111111111100
 00111111111111110000
 00001111111111100000
 00000011111111100000
 00000000011100000000
 00000000000000000000
 00000000000000000000
images/044.jpg
 00000000000000000000
 00000000000000000000
 00000000000000000000
 00000000000000000000
 00000000000000000000
 00000000000000000000
 00000000000000000000
 00000000000000000110
 00000111111111111100
 00111111111111110000
 00001111111111100000
 00000011111111100000
 00000000011100000000
 00000000000000000000
 00000000000000000000
images/045.jpg
 00000000000000000000
 00000000000000000000
 00000000000000000000
 00000000000000000000
 00000000000000000000
 00000000000000000000
 00000000000000000000
 00000000000000000110
 00001111111111111100
 00111111111111110000
 00001111111111100000
 00000001111111100000
 00000000001100000000
 00000000000000000000
 00000000000000000000
images/046.jpg
 00000000000000000000
 00000000000000000000
 00000000000000000000
 00000000000000000000
 00000000000000000000
 00000000000000000000
 00000000000000000000
 00000000000000010010
 00000111111111111100
 00111111111111110000
 00001111111111100000
 00000001111111100000
 00000000011100000000
 00000000000000000000
 00000000000000000000
images/047.jpg
 00000000000000000000
 00000000000000000000
 00000000000000000000
 00000000000000000000
 00000000000000000000
 00000000000000000000
 00000000000000000000
 00000000000000011010
 00011111111111111100
 00111111111111110000
 00001111111111100000
 00000001111111100000
 00000000001100000000
 00000000000000000000
 00000000000000000000
images/048.jpg
 00000000000000000000
 00000000000000000000
 00000000000000000000
 00000000000000000000
 00000000000000000000
 00000000000000000000
 00000000000000000000
 00000000000000001110
 00000111111111111100
 00111111111111110000
 00001111111111100000
 00000001111111100000
 00000000011100000000
 00000000000000000000
 00000000000000000000
images/049.jpg
 00000000000000000000
 00000000000000000000
 00000000000000000000
 00000000000000000000
 00000000000000000000
 00000000000000000000
 00000000000000000000
 00000000000000100110
 00111111111111111100
 00111111111111110000
 00001111111111100000
 00000001111111100000
 00000000011100000000
 00000000000000000000
 00000000000000000000
images/050.jpg
 00000000000000000000
 00000000000000000000
 00000000000000000000
 00000000000000000000
 00000000000000000000
 00000000000000000000
 00000000000000000000
 00000000000000111110
 00011111111111111100
 00111111111111110000
 00001111111111100000
 00000001111111100000
 00000000011100000000
 00000000000000000000
 00000000000000000000
images/051.jpg
 00000000000000000000
 00000000000000000000
 00000000000000000000
 00000000000000000000
 00000000000000000000
 00000000000000000000
 00000000000000000000
 00000000000000000010
 01111111111111111100
 00111111111111110000
 00001111111111100000
 00000001111111100000
 00000000011100000000
 00000000000000000000
 00000000000000000000
images/052.jpg
 00000000000000000000
 00000000000000000000
 00000000000000000000
 00000000000000000000
 00000000000000000000
 00000000000000000000
 00000000000000000000
 00000000000000000010
 01111111111111111100
 00111111111111110000
 00001111111111100000
 00000001111111100000
 00000000011100000000
 00000000000000000000
 00000000000000000000
images/053.jpg
 00000000000000000000
 00000000000000000000
 00000000000000000000
 00000000000000000000
 00000000000000000000
 00000000000000000000
 00000000000000000000
 00000000000000000110
 00001011111111111100
 00111111111111110000
 00001111111111100000
 00000001111111100000
 00000000011100000000
 00000000000000000000
 00000000000000000000
images/054.jpg
 00000000000000000000
 00000000000000000000
 00000000000000000000
 00000000000000000000
 00000000000000000000
 00000000000000000000
 00000000000000000000
 00000000000000000110
 00101011111111111100
 00111111111111110000
 00001111111111100000
 00000001111111100000
 00000000011100000000
 00000000000000000000
 00000000000000000000
images/055.jpg
 00000000000000000000
 00000000000000000000
 00000000000000000000
 00000000000000000000
 00000000000000000000
 00000000000000000000
 00000000000000000000
 00000000000000000110
 00000011111111111100
 00111111111111110000
 00001111111111100000
 00000001111111100000
 00000000011100000000
 00000000000000000000
 00000000000000000000
images/056.jpg
 00000000000000000000
 00000000000000000000
 00000000000000000000
 00000000000000000000
 00000000000000000000
 00000000000000000000
 00000000000000000000
 00000000000000000110
 00010111111111111100
 00111111111111110000
 00001111111111100000
 00000001111111100000
 00000000011100000000
 00000000000000000000
 00000000000000000000
images/057.jpg
 00000000000000000000
 00000000000000000000
 00000000000000000000
 00000000000000000000
 00000000000000000000
 00000000000000000000
 00000000000000000000
 00000000000000000010
 00000011111111111100
 00111111111111110000
 00001111111111100000
 00000001111111100000
 00000000011100000000
 00000000000000000000
 00000000000000000000
images/058.jpg
 00000000000000000000
 00000000000000000000
 00000000000000000000
 00000000000000000000
 00000000000000000000
 00000000000000000000
 00000000000000000000
 00000000000000001010
 00010111111111111100
 00111111111111110000
 00001111111111100000
 00000001111111100000
 00000000011100000000
 00000000000000000000
 00000000000000000000
images/059.jpg
 00000000000000000000
 00000000000000000000
 00000000000000000000
 00000000000000000000
 00000000000000000000
 00000000000000000000
 00000000000000000000
 00000000000000000010
 00000111111111111100
 00111111111111110000
 00001111111111100000
 00000001111111100000
 00000000011100000000
 00000000000000000000
 00000000000000000000
images/060.jpg
 00000000000000000000
 00000000000000000000
 00000000000000000000
 00000000000000000000
 00000000000000000000
 00000000000000000000
 00000000000000000000
 00000000000000001110
 00000111111111111100
 00111111111111110000
 00001111111111100000
 00000001111111100000
 00000000011100000000
 00000000000000000000
 00000000000000000000
images/061.jpg
 00000000000000000000
 00000000000000000000
 00000000000000000000
 00000000000000000000
 00000000000000000000
 00000000000000000000
 00000000000000000000
 00000000000000001110
 00000111111111111100
 00111111111111110000
 00001111111111100000
 00000001111111100000
 00000000011100000000
 00000000000000000000
 00000000000000000000
images/062.jpg
 00000000000000000000
 00000000000000000000
 00000000000000000000
 00000000000000000000
 00000000000000000000
 00000000000000000000
 00000000000000000000
 00000000000000001110
 00000111111111111100
 00111111111111110000
 00001111111111100000
 00000001111111100000
 00000000011100000000
 00000000000000000000
 00000000000000000000
images/063.jpg
 00000000000000000000
 00000000000000000000
 00000000000000000000
 00000000000000000000
 00000000000000000000
 00000000000000000000
 00000000000000000000
 00000000000000001110
 00000011111111111100
 00111111111111110000
 00001111111111100000
 00000011111111100000
 00000000011100000000
 00000000000000000000
 00000000000000000000
images/064.jpg
 00000000000000000000
 00000000000000000000
 00000000000000000000
 00000000000000000000
 00000000000000000000
 00000000000000000000
 00000000000000000000
 00000000000000001110
 00000001111111111100
 00111111111111110000
 00001111111111100000
 00000011111111100000
 00000000011100000000
 00000000000000000000
 00000000000000000000
images/065.jpg
 00000000000000000000
 00000000000000000000
 00000000000000000000
 00000000000000000000
 00000000000000000000
 00000000000000000000
 00000000000000000000
 00000000000000011110
 00000111111111111100
 00111111111111110000
 00001111111111100000
 00000011111111100000
 00000000011100000000
 00000000000000000000
 00000000000000000000
images/066.jpg
 00000000000000000000
 00000000000000000000
 00000000000000000000
 00000000000000000000
 00000000000000000000
 00000000000000000000
 00000000000000000000
 00000000000000001110
 00000101111111111100
 00111111111111110000
 00001111111111100000
 00000011111111100000
 00000000011100000000
 00000000000000000000
 00000000000000000000
images/067.jpg
 00000000000000000000
 00000000000000000000
 00000000000000000000
 00000000000000000000
 00000000000000000000
 00000000000000000000
 00000000000000000000
 00000000000000001110
 00000101111111111100
 00111111111111110000
 00001111111111100000
 00000001111111100000
 00000000001100000000
 00000000000000000000
 00000000000000000000
images/068.jpg
 00000000000000000000
 00000000000000000000
 00000000000000000000
 00000000000000000000
 00000000000000000000
 00000000000000000000
 00000000000000000000
 00000000000000001110
 00000100111111111100
 00111111111111110000
 00001111111111100000
 00000001111111100000
 00000000011100000000
 00000000000000000000
 00000000000000000000
images/069.jpg
 00000000000000000000
 00000000000000000000
 00000000000000000000
 00000000000000000000
 00000000000000000000
 00000000000000000000
 00000000000000000000
 00000000000000001110
 00000010111111111100
 00111111111111110000
 00001111111111100000
 00000011111111100000
 00000000011100000000
 00000000000000000000
 00000000000000000000
images/070.jpg
 00000000000000000000
 00000000000000000000
 00000000000000000000
 00000000000000000000
 00000000000000000000
 00000000000000000000
 00000000000000000000
 00000000000000011110
 00000010111111111100
 00111111111111110000
 00001111111111100000
 00000011111111100000
 00000000011100000000
 00000000000000000000
 00000000000000000000
images/071.jpg
 00000000000000000000
 00000000000000000000
 00000000000000000000
 00000000000000000000
 00000000000000000000
 00000000000000000000
 00000000000000000000
 00000000000000011110
 00000011111111111100
 00111111111111110000
 00001111111111100000
 00000001111111100000
 00000000011100000000
 00000000000000000000
 00000000000000000000
images/072.jpg
 00000000000000000000
 00000000000000000000
 00000000000000000000
 00000000000000000000
 00000000000000000000
 00000000000000000000
 00000000000000000000
 00000000000000001110
 00000011011111111100
 00111111111111110000
 00001111111111100000
 00000011111111100000
 00000000011100000000
 00000000000000000000
 00000000000000000000
images/073.jpg
 00000000000000000000
 00000000000000000000
 00000000000000000000
 00000000000000000000
 00000000000000000000
 00000000000000000000
 00000000000000000000
 00000000000000000110
 00000001111111111100
 00111111111111110000
 00001111111111100000
 00000011111111100000
 00000000011100000000
 00000000000000000000
 00000000000000000000
images/074.jpg
 00000000000000000000
 00000000000000000000
 00000000000000000000
 00000000000000000000
 00000000000000000000
 00000000000000000000
 00000000000000000000
 00000000000000001110
 00000001111111111100
 00111111111111110000
 00001111111111100000
 00000011111111100000
 00000000011100000000
 00000000000000000000
 00000000000000000000
